1.2634
0
0
0
0
2.24604
0
0
-0.000130208
0.000360093
-1.00002
-1
0
0
-0.200003
0
-0.539286
-0.143336
0.829834
0
6.28672e-10
0.985408
0.170208
0
-0.842122
0.0917911
-0.531417
0
-1391.03
-248.049
995.278
1
-0.68144
-0.32164
-0.829848
-0.829834
-2.21618e-05
2.21332
-0.170211
-0.170208
-1.06386
0.205975
0.531426
0.531417
-1757.55
-556.769
-995.495
-995.278
-0.539286
6.28672e-10
-0.842122
0
-0.143336
0.985408
0.0917911
0
0.829834
0.170208
-0.531417
0
-1611.63
75.0247
-619.738
1
0.791518
0
0
0
0
0.445229
0
0
0
0
0
-4.99992
-0.000103062
0.000160324
-1
5
0
0
5.38099e-42
3.0268e-42
-1611.63
75.0247
-619.738
-2.98706e+06
-0.539286
-0.143336
0.829834
0
6.28672e-10
0.985408
0.170208
0
-0.842122
0.0917911
-0.531417
0
-1391.03
-248.049
995.278
1
1.2634
0
0
0
0
2.24604
0
0
-0.000130208
0.000360093
-1.00002
-1
0
0
-0.200003
0
-0.68144
-0.32164
-0.829848
-0.829834
-2.21618e-05
2.21332
-0.170211
-0.170208
-1.06386
0.205975
0.531426
0.531417
-1757.55
-556.769
-995.495
-995.278
-0.426855
4.97605e-10
-0.666555
0
-0.0638174
0.438732
0.040868
0
8058.03
-375.117
3098.64
-4.99992
-8058.99
374.953
-3098.16
5
0
5.74532e-44
1.4013e-45
0
-0.68144
-0.32164
-0.829848
-0.829834
-2.21618e-05
2.21332
-0.170211
-0.170208
-1.06386
0.205975
0.531426
0.531417
0
0
-0.200003
0
-0.68144
-0.32164
-0.829848
-0.829834
-2.21618e-05
2.21332
-0.170211
-0.170208
-1.06386
0.205975
0.531426
0.531417
0
0
-0.200003
0
-1611.63
75.0247
-619.738
-2.98706e+06